00000000000000000000000000000001000000000001000000000000000000000000000000000000001000000000000000000
00000000000000000000000000000000000000000001000000000000000000000001000000000000000000000000000000000
00000000000000000000000000000000000000000000000000000000000000000000000000000000000000000000000000000
00000000000000000000000000000000000000001000000000000000000000000000000000000000000000000000000000000
00000000000000000000000000000000000000000000000000000000000000000000000000000000000000000000000000000
00000000000000000000000000000000000000000000001000000000000000000000000000000001000000000000000000000
00000000000000000000000000000000000000000000000000000000000000000000000000000000000000000000000000000
00000000000000000000000000000000000000000010000000000000000000000000000000000000010000000000000000000
00000000000000000000000000000000000000000000000000000000000000000001000000000000000000000100000000000
00000000000000100000000000000000000000000000000000000000000000000010000000100000000000000000000000000
00000000000000000000000001000000000000000000000000000000000000000000000000000000000000000010000000000
00000000000000000000000000000000010000000000000000000000000000000000000000000000000000000000000000000
00000000000000000000000000000000000000000000000000000000000000000000000000000000000000000000000000000
00100000000000000000000000000000000000000000000000000000000000000000000000000000000000000000000000000
00000000000000000000000000000000000000000000000000000000000000000000000000000000000000000000000000000
00000000000000001000000000000000001000000000000000000000010000000000000000000000000000000000000000000
00000000000000000000000000000000000000000001000000000000000000000000000000000000000000000000000000000
00000000000000000000000000000000000000000000000000000000000000000000000000000000000000000000000000000
00000000000000000000000000000000000000001000000000000000000000000000000000010000000000000000000000000
00000000000000100000000000000000000000000000000000000000000000000000000000000000100000000000000000010
00000000000000000000000000000000000000000000000000000000010000000000000000000000000000000000000000000
00000000000000000000000000000000000000000000000000000000000000000000000000000000000000000000000000000
00000000000000000000000000000000000000000000000000000000000000000000000000000000000000000010000000000
00000000000000000000000000010000000000000000000100000000000000000000000000000000000000000000000001000
00000000000000000000000000010000000000000000000000000000000000000000000000001000000000000000000000000
00000000000000000000000000000000000000000000000000000000000000000000000000000000000000000000000000000
00000001000000000000000000000010000000000000000000000100001000000000000000000000000000000000000000000
00000000000000000000000000000000000000000000000000000000000000000000000000000000000000000000000000000
00000000000010000000000000000000000000000000000000000000000000000000000000000000000000000000000000000
00000000000000000000000000000000100000000000000000000000000000000000000001000000000000000000000000000
00000000000000000000000000000000000000000000000000000000000100000000000000000000000000000000000000000
00000000000000000000000000000000000000000000000000000000000000000010000000000000000000000000000000000
00000000000000000000000000000000000000000000000000000000000000000000000000000000000000000000000000000
00000000000000000000000010000000100000000000000010000000000000000000000000000000000000000000000000000
00000000000000000000000000000001000000000000000001000000000000000100000000000000000000000000001000000
00000000000000000000000000000000000000000000000000000000000000000000000000000000000000000000000000000
00000000000000000000000000000000000000000000000000000000000000000000000000000000000000000000000000000
00000000000000000000000000000000000000000000000000000000000000000000000000000000010000000000000000000
00010000000010000000000000000000000000000000001000000000000000000000000000000000000000000000000000000
00000000000000000000000000000000000000000000000000000000000000000000000000000000000000000000000100000
00000000000000000000000000000000000000000000000000000000000000000000000000000000000000000000000000000
00000000001000000000000100000000000000000000000000000000100000000000000000000000000000000000000100000
00000000000000000000000000000000000100000000000000000010000000000000000000001000000000000000000000000
00000000000000000000000000000000000000000000000000000000000000000000000000000000000000000000000001000
00000000000000000000000000000000000000000000000000000000000000000000000000001000000000000000000000000
00000000000000000000000010000000000001000000000000010000000000000001000000000000000000000000000010000
00000000000000000000000000000000000000000000000000000000000000000001000000000000000000000000000000000
00000000000000000000000000000000000000000000000000000000000000000000000000000000000000000000000000000
00000000000000000000000000000000000000000000000001111111111111111111111111111111000000000000000000000
00001000000000010000000000000000000000000000010001000000000000000000000000000001000000000000000000000
00000000000010000010100000000000000000000000000001000000000000000000000000000001000000000000000000000
00000000000000000000100000000000000000000000001001000000000000000000000000000001000000000000000000000
00000000000100000000000000000000000000000000001001000000000000000000000000000001000000001000000000000
00000000000000000000000000000000000000000000000001000000000000001000000000000001000000000000000100000
00000000000000000000000000000000000000000000000001000000000000011100000000000001000000000000000000000
00000000000100000000000000000000000000000000000001000000000000111110000000000001000000000000000000000
00000000000000000100000001000000000000000000000001000000000001111111000000000001000000000000000000000
00000000000000000000000000000000000000000000000001000000000011111111100000000001000000000000000000000
00000000000001000000000000000000000000000000000001000000000000111110000000000001000000000000010000000
00000000000000000000000000000000000000000000000001000000000001111111000000000001000000000000000000000
00000100000000000000000000000000000000000000000001000000000011111111100000000001000000000000000000100
00000000000000000000000000000000000000000000000001000000000111111111110000000001000010000000000000000
00000000000000000000000000010000000000000000100001000000001111111111111000000001000000000000000000000
00000000000110000000000000000000000000000000000001000000000011111111100000000001000000000000000000000
00000000000000000000000000000000000000010000000001000000000111111111110000000001000000000000000000000
00000000000000000000000000000000000000000000000001000000001111111111111000000001000000000000000000000
00000000000000000000000000000000000000000000000001000000011111111111111100000001000000000000000000000
00000000000000000000000000000000000000000000000001000000111111111111111110000001000000000000000000000
00000000000000000000000000000000000000000000000001000000001111111111111000000001000000000000000000000
00000000000000000000000000000000000000000000000001000000011111111111111100000001000000000000000000000
00000000000000000000000000000000000000000000000001000000111111111111111110000001000000000000000000000
00000000000000000000000000000000000000000000000001000001111111111111111111000001000000000000000100000
00000000000000000000000000000000000000000000000001000011111111111111111111100001000000000000000000000
00000000000000000000000000000000000000001000000001000000000000011100000000000001000000000000000000000
00000000000000000000000000001000000000000000000001000000000000011100000000000001000000000001000010000
00000000000000000000000000000000000000100000000101000000000000011100000000000001000000000000000000000
00000000000000000000000000000000000000000000000001000000000000000000000000000001000000000000000000000
00000000000000000000000000000000000000000000000001000000000000000000000000000001000000000000000000000
00000000000000000000000000000000000000000000000001000000000000000000000000000001000010000000000000000
00000000000000000000000000000000000000000000000001000000000000000000000000000001000000000000000000000
00000000000000000000000000000010000000001000000001111111111111111111111111111111000000000000000000000
00000000000000000000000000000000000001000000000000000000000000000000000000000000000001000000000000000
00000000000000000000000000000000000000000000000100000001000100000000000000000000100000000000000000000
00000001000000000000000000000001000000000000000000000000000000000000000000000000000000000000000000000
00000000000000000000000000000000000100000000000000000000000000000000000000000001000000000000000000000
00000000000000000000000000000000100001000000000000000000000000000000000000000000000000000000000000000
00000000000000000000000000000000000000000000000000000000100000000000000010000000000010000000000000000
00000000000000000000000000000000000000000000000000000000000000000000000000000000000000000000000000000
00000000000000000000000001000000000000000000000000010000000000000000000000000001000000000000000000000
00000000000000000000000000000000000000000000000000000000000000000000000000000000000000000000000000000
00000000000000000000000000001000000000000000000000000000000100000000001000000000000000000000000000000
00000000000000000000000000000000000000000000000000000000000000000000000000000000000000000000000000000
00000000000000000000000000000000000000000000000000000000000000000000000000000000000000000000000000000
00000000000000000000000001000000000000000000000100000000000000000000000000000000000000000000000000000
00000000000000000000000000000000000000000000000000000000000000000000000000000000000000000000000000000
00000000000000000000000000000010000000000000000000000110000000100000000000000000000000000000000000000
00000000000000000000000000000000000000000000000000000000000000100000100000000000011000000000010000000
00000000000000000000000000001000000000000000000000000000000001000001000000000000000000000000000000000
00000000000000000000000000000000000000000000000000000000000000000000000000000000000000000000000000000
00000000000000100000000000000000000000000000000000000000000000000000000000000000000000000000000000000
00000000000000000001000000000000000000000000000000000000000000000000000000000000000001000000000000000
10000000000000000000000000000000100000000000000000000000000000000000000000000000000000000000000000000
00000000000000000000000000000000000000000000010000000000000000000000000000000000000000000000000000000
